//When the one thread reaches the last element of its calculation it needs
//to use the first value of the following thread, which could have already been
//altered when the first thread needs it.
Output:
   0 100.000000
   1 101.000000
   2 102.000000
   3 103.000000
   4 104.000000
   5 105.000000
   6 106.000000
   7 107.000000
   8 108.000000
   9 109.000000
  10 110.000000
  11 111.000000
  12 112.000000
  13 113.000000
  14 114.000000
  15 115.000000
  16 116.000000
  17 117.000000
  18 118.000000
  19 119.000000
  20 120.000000
  21 121.000000
  22 122.000000
  23 123.000000
  24 124.000000
  25 125.000000
  26 126.000000
  27 127.000000
  28 128.000000
  29 129.000000
  30 130.000000
  31 131.000000
  32 132.000000
  33 133.000000
  34 134.000000
  35 135.000000
  36 136.000000
  37 137.000000
  38 138.000000
  39 139.000000
  40 140.000000
  41 141.000000
  42 142.000000
  43 143.000000
  44 144.000000
  45 145.000000
  46 146.000000
  47 147.000000
  48 148.000000
  49 149.000000
  50 150.000000
  51 151.000000
  52 152.000000
  53 153.000000
  54 154.000000
  55 155.000000
  56 156.000000
  57 157.000000
  58 158.000000
  59 159.000000
  60 160.000000
  61 161.000000
  62 162.000000
  63 163.000000
  64 164.000000
  65 165.000000
  66 166.000000
  67 167.000000
  68 168.000000
  69 169.000000
  70 170.000000
  71 171.000000
  72 172.000000
  73 173.000000
  74 174.000000
  75 175.000000
  76 176.000000
  77 177.000000
  78 178.000000
  79 179.000000
  80 180.000000
  81 181.000000
  82 182.000000
  83 183.000000
  84 184.000000
  85 185.000000
  86 186.000000
  87 187.000000
  88 188.000000
  89 189.000000
  90 190.000000
  91 191.000000
  92 192.000000
  93 193.000000
  94 194.000000
  95 195.000000
  96 196.000000
  97 197.000000
  98 198.000000
  99 199.000000
 100 200.000000
 101 201.000000
 102 202.000000
 103 203.000000
 104 204.000000
 105 205.000000
 106 206.000000
 107 207.000000
 108 208.000000
 109 209.000000
 110 210.000000
 111 211.000000
 112 212.000000
 113 213.000000
 114 214.000000
 115 215.000000
 116 216.000000
 117 217.000001
 118 218.000002
 119 219.000003
 120 220.000007
 121 221.000012
 122 222.000023
 123 223.000041
 124 224.000072
 125 225.000125
 126 226.000211
 127 227.000350
 128 228.000570
 129 229.000909
 130 230.001421
 131 231.002181
 132 232.003283
 133 233.004849
 134 234.007031
 135 235.010009
 136 236.013991
 137 237.019209
 138 238.025910
 139 239.034342
 140 240.044741
 141 241.057312
 142 242.072205
 143 243.089501
 144 244.109188
 145 245.131156
 146 246.155182
 147 247.180943
 148 248.208018
 149 249.235913
 150 250.264087
 151 251.291982
 152 252.319057
 153 253.344818
 154 254.368844
 155 255.390812
 156 256.410499
 157 257.427795
 158 258.442688
 159 259.455259
 160 260.465658
 161 261.474090
 162 262.480791
 163 263.486009
 164 264.489991
 165 265.492969
 166 266.495151
 167 267.496717
 168 268.497819
 169 269.498579
 170 270.499091
 171 271.499430
 172 272.499650
 173 273.499789
 174 274.499875
 175 275.499928
 176 276.499959
 177 277.499977
 178 278.499988
 179 279.499993
 180 280.499997
 181 281.499998
 182 282.499999
 183 283.500000
 184 284.500000
 185 285.500000
 186 286.500000
 187 287.500000
 188 288.500000
 189 289.500000
 190 290.500000
 191 291.500000
 192 292.500000
 193 293.500000
 194 294.500000
 195 295.500000
 196 296.500000
 197 297.500000
 198 298.500000
 199 299.500000
 200 300.500000
 201 301.500000
 202 302.500000
 203 303.500000
 204 304.500000
 205 305.500000
 206 306.500000
 207 307.500000
 208 308.500000
 209 309.500000
 210 310.500000
 211 311.500000
 212 312.500000
 213 313.500000
 214 314.500000
 215 315.500000
 216 316.500000
 217 317.500000
 218 318.500000
 219 319.500000
 220 320.500000
 221 321.500000
 222 322.500000
 223 323.500000
 224 324.500000
 225 325.500000
 226 326.500000
 227 327.500000
 228 328.500000
 229 329.500000
 230 330.500000
 231 331.500000
 232 332.500000
 233 333.500000
 234 334.500000
 235 335.500000
 236 336.500000
 237 337.500000
 238 338.500000
 239 339.500000
 240 340.500000
 241 341.500000
 242 342.500000
 243 343.500000
 244 344.500000
 245 345.500000
 246 346.500000
 247 347.500000
 248 348.500000
 249 349.500000
 250 350.000000
 251 351.000000
 252 352.000000
 253 353.000000
 254 354.000000
 255 355.000000
 256 356.000000
 257 357.000000
 258 358.000000
 259 359.000000
 260 360.000000
 261 361.000000
 262 362.000000
 263 363.000000
 264 364.000000
 265 365.000000
 266 366.000000
 267 367.000000
 268 368.000000
 269 369.000000
 270 370.000000
 271 371.000000
 272 372.000000
 273 373.000000
 274 374.000000
 275 375.000000
 276 376.000000
 277 377.000000
 278 378.000000
 279 379.000000
 280 380.000000
 281 381.000000
 282 382.000000
 283 383.000000
 284 384.000000
 285 385.000000
 286 386.000000
 287 387.000000
 288 388.000000
 289 389.000000
 290 390.000000
 291 391.000000
 292 392.000000
 293 393.000000
 294 394.000000
 295 395.000000
 296 396.000000
 297 397.000000
 298 398.000000
 299 399.000000
 300 400.000000
 301 401.000000
 302 402.000000
 303 403.000000
 304 404.000000
 305 405.000000
 306 406.000000
 307 407.000000
 308 408.000000
 309 409.000000
 310 410.000000
 311 411.000000
 312 412.000000
 313 413.000000
 314 414.000000
 315 415.000000
 316 416.000000
 317 417.000000
 318 418.000000
 319 419.000000
 320 420.000000
 321 421.000000
 322 422.000000
 323 423.000000
 324 424.000000
 325 425.000000
 326 426.000000
 327 427.000000
 328 428.000000
 329 429.000000
 330 430.000000
 331 431.000000
 332 432.000000
 333 433.000000
 334 434.000000
 335 435.000000
 336 436.000000
 337 437.000000
 338 438.000000
 339 439.000000
 340 440.000000
 341 441.000000
 342 442.000000
 343 443.000000
 344 444.000000
 345 445.000000
 346 446.000000
 347 447.000000
 348 448.000000
 349 449.000000
 350 450.000000
 351 451.000000
 352 452.000000
 353 453.000000
 354 454.000000
 355 455.000000
 356 456.000000
 357 457.000000
 358 458.000000
 359 459.000000
 360 460.000000
 361 461.000000
 362 462.000000
 363 463.000000
 364 464.000000
 365 465.000000
 366 466.000000
 367 467.000001
 368 468.000002
 369 469.000003
 370 470.000007
 371 471.000012
 372 472.000023
 373 473.000041
 374 474.000072
 375 475.000125
 376 476.000211
 377 477.000350
 378 478.000570
 379 479.000909
 380 480.001421
 381 481.002181
 382 482.003283
 383 483.004849
 384 484.007031
 385 485.010009
 386 486.013991
 387 487.019209
 388 488.025910
 389 489.034342
 390 490.044741
 391 491.057312
 392 492.072205
 393 493.089501
 394 494.109188
 395 495.131156
 396 496.155182
 397 497.180943
 398 498.208018
 399 499.235913
 400 500.264087
 401 501.291982
 402 502.319057
 403 503.344818
 404 504.368844
 405 505.390812
 406 506.410499
 407 507.427795
 408 508.442688
 409 509.455259
 410 510.465658
 411 511.474090
 412 512.480791
 413 513.486009
 414 514.489991
 415 515.492969
 416 516.495151
 417 517.496717
 418 518.497819
 419 519.498579
 420 520.499091
 421 521.499430
 422 522.499650
 423 523.499789
 424 524.499875
 425 525.499928
 426 526.499959
 427 527.499977
 428 528.499988
 429 529.499993
 430 530.499997
 431 531.499998
 432 532.499999
 433 533.500000
 434 534.500000
 435 535.500000
 436 536.500000
 437 537.500000
 438 538.500000
 439 539.500000
 440 540.500000
 441 541.500000
 442 542.500000
 443 543.500000
 444 544.500000
 445 545.500000
 446 546.500000
 447 547.500000
 448 548.500000
 449 549.500000
 450 550.500000
 451 551.500000
 452 552.500000
 453 553.500000
 454 554.500000
 455 555.500000
 456 556.500000
 457 557.500000
 458 558.500000
 459 559.500000
 460 560.500000
 461 561.500000
 462 562.500000
 463 563.500000
 464 564.500000
 465 565.500000
 466 566.500000
 467 567.500000
 468 568.500000
 469 569.500000
 470 570.500000
 471 571.500000
 472 572.500000
 473 573.500000
 474 574.500000
 475 575.500000
 476 576.500000
 477 577.500000
 478 578.500000
 479 579.500000
 480 580.500000
 481 581.500000
 482 582.500000
 483 583.500000
 484 584.500000
 485 585.500000
 486 586.500000
 487 587.500000
 488 588.500000
 489 589.500000
 490 590.500000
 491 591.500000
 492 592.500000
 493 593.500000
 494 594.500000
 495 595.500000
 496 596.500000
 497 597.500000
 498 598.500000
 499 599.500000
 500 600.000000
 501 601.000000
 502 602.000000
 503 603.000000
 504 604.000000
 505 605.000000
 506 606.000000
 507 607.000000
 508 608.000000
 509 609.000000
 510 610.000000
 511 611.000000
 512 612.000000
 513 613.000000
 514 614.000000
 515 615.000000
 516 616.000000
 517 617.000000
 518 618.000000
 519 619.000000
 520 620.000000
 521 621.000000
 522 622.000000
 523 623.000000
 524 624.000000
 525 625.000000
 526 626.000000
 527 627.000000
 528 628.000000
 529 629.000000
 530 630.000000
 531 631.000000
 532 632.000000
 533 633.000000
 534 634.000000
 535 635.000000
 536 636.000000
 537 637.000000
 538 638.000000
 539 639.000000
 540 640.000000
 541 641.000000
 542 642.000000
 543 643.000000
 544 644.000000
 545 645.000000
 546 646.000000
 547 647.000000
 548 648.000000
 549 649.000000
 550 650.000000
 551 651.000000
 552 652.000000
 553 653.000000
 554 654.000000
 555 655.000000
 556 656.000000
 557 657.000000
 558 658.000000
 559 659.000000
 560 660.000000
 561 661.000000
 562 662.000000
 563 663.000000
 564 664.000000
 565 665.000000
 566 666.000000
 567 667.000000
 568 668.000000
 569 669.000000
 570 670.000000
 571 671.000000
 572 672.000000
 573 673.000000
 574 674.000000
 575 675.000000
 576 676.000000
 577 677.000000
 578 678.000000
 579 679.000000
 580 680.000000
 581 681.000000
 582 682.000000
 583 683.000000
 584 684.000000
 585 685.000000
 586 686.000000
 587 687.000000
 588 688.000000
 589 689.000000
 590 690.000000
 591 691.000000
 592 692.000000
 593 693.000000
 594 694.000000
 595 695.000000
 596 696.000000
 597 697.000000
 598 698.000000
 599 699.000000
 600 700.000000
 601 701.000000
 602 702.000000
 603 703.000000
 604 704.000000
 605 705.000000
 606 706.000000
 607 707.000000
 608 708.000000
 609 709.000000
 610 710.000000
 611 711.000000
 612 712.000000
 613 713.000000
 614 714.000000
 615 715.000000
 616 716.000000
 617 717.000001
 618 718.000002
 619 719.000003
 620 720.000007
 621 721.000012
 622 722.000023
 623 723.000041
 624 724.000072
 625 725.000125
 626 726.000211
 627 727.000350
 628 728.000570
 629 729.000909
 630 730.001421
 631 731.002181
 632 732.003283
 633 733.004849
 634 734.007031
 635 735.010009
 636 736.013991
 637 737.019209
 638 738.025910
 639 739.034342
 640 740.044741
 641 741.057312
 642 742.072205
 643 743.089501
 644 744.109188
 645 745.131156
 646 746.155182
 647 747.180943
 648 748.208018
 649 749.235913
 650 750.264087
 651 751.291982
 652 752.319057
 653 753.344818
 654 754.368844
 655 755.390812
 656 756.410499
 657 757.427795
 658 758.442688
 659 759.455259
 660 760.465658
 661 761.474090
 662 762.480791
 663 763.486009
 664 764.489991
 665 765.492969
 666 766.495151
 667 767.496717
 668 768.497819
 669 769.498579
 670 770.499091
 671 771.499430
 672 772.499650
 673 773.499789
 674 774.499875
 675 775.499928
 676 776.499959
 677 777.499977
 678 778.499988
 679 779.499993
 680 780.499997
 681 781.499998
 682 782.499999
 683 783.500000
 684 784.500000
 685 785.500000
 686 786.500000
 687 787.500000
 688 788.500000
 689 789.500000
 690 790.500000
 691 791.500000
 692 792.500000
 693 793.500000
 694 794.500000
 695 795.500000
 696 796.500000
 697 797.500000
 698 798.500000
 699 799.500000
 700 800.500000
 701 801.500000
 702 802.500000
 703 803.500000
 704 804.500000
 705 805.500000
 706 806.500000
 707 807.500000
 708 808.500000
 709 809.500000
 710 810.500000
 711 811.500000
 712 812.500000
 713 813.500000
 714 814.500000
 715 815.500000
 716 816.500000
 717 817.500000
 718 818.500000
 719 819.500000
 720 820.500000
 721 821.500000
 722 822.500000
 723 823.500000
 724 824.500000
 725 825.500000
 726 826.500000
 727 827.500000
 728 828.500000
 729 829.500000
 730 830.500000
 731 831.500000
 732 832.500000
 733 833.500000
 734 834.500000
 735 835.500000
 736 836.500000
 737 837.500000
 738 838.500000
 739 839.500000
 740 840.500000
 741 841.500000
 742 842.500000
 743 843.500000
 744 844.500000
 745 845.500000
 746 846.500000
 747 847.500000
 748 848.500000
 749 849.500000
 750 850.000000
 751 851.000000
 752 852.000000
 753 853.000000
 754 854.000000
 755 855.000000
 756 856.000000
 757 857.000000
 758 858.000000
 759 859.000000
 760 860.000000
 761 861.000000
 762 862.000000
 763 863.000000
 764 864.000000
 765 865.000000
 766 866.000000
 767 867.000000
 768 868.000000
 769 869.000000
 770 870.000000
 771 871.000000
 772 872.000000
 773 873.000000
 774 874.000000
 775 875.000000
 776 876.000000
 777 877.000000
 778 878.000000
 779 879.000000
 780 880.000000
 781 881.000000
 782 882.000000
 783 883.000000
 784 884.000000
 785 885.000000
 786 886.000000
 787 887.000000
 788 888.000000
 789 889.000000
 790 890.000000
 791 891.000000
 792 892.000000
 793 893.000000
 794 894.000000
 795 895.000000
 796 896.000000
 797 897.000000
 798 898.000000
 799 899.000000
 800 900.000000
 801 901.000000
 802 902.000000
 803 903.000000
 804 904.000000
 805 905.000000
 806 906.000000
 807 907.000000
 808 908.000000
 809 909.000000
 810 910.000000
 811 911.000000
 812 912.000000
 813 913.000000
 814 914.000000
 815 915.000000
 816 916.000000
 817 917.000000
 818 918.000000
 819 919.000000
 820 920.000000
 821 921.000000
 822 922.000000
 823 923.000000
 824 924.000000
 825 925.000000
 826 926.000000
 827 927.000000
 828 928.000000
 829 929.000000
 830 930.000000
 831 931.000000
 832 932.000000
 833 933.000000
 834 934.000000
 835 935.000000
 836 936.000000
 837 937.000000
 838 938.000000
 839 939.000000
 840 940.000000
 841 941.000000
 842 942.000000
 843 943.000000
 844 944.000000
 845 945.000000
 846 946.000000
 847 947.000000
 848 948.000000
 849 949.000000
 850 950.000000
 851 951.000000
 852 952.000000
 853 953.000000
 854 954.000000
 855 955.000000
 856 956.000000
 857 957.000000
 858 958.000000
 859 959.000000
 860 960.000000
 861 961.000000
 862 962.000000
 863 963.000000
 864 964.000000
 865 964.999999
 866 965.999998
 867 966.999997
 868 967.999993
 869 968.999986
 870 969.999973
 871 970.999948
 872 971.999902
 873 972.999820
 874 973.999676
 875 974.999426
 876 975.999003
 877 976.998303
 878 977.997163
 879 978.995345
 880 979.992503
 881 980.988141
 882 981.981576
 883 982.971878
 884 983.957815
 885 984.937797
 886 985.909814
 887 986.871395
 888 987.819575
 889 988.750892
 890 989.661410
 891 990.546787
 892 991.402376
 893 992.223375
 894 993.004998
 895 993.742687
 896 994.432323
 897 995.070437
 898 995.654402
 899 996.182576
 900 996.654402
 901 997.070437
 902 997.432323
 903 997.742687
 904 998.004998
 905 998.223375
 906 998.402376
 907 998.546787
 908 998.661410
 909 998.750892
 910 998.819575
 911 998.871395
 912 998.909814
 913 998.937797
 914 998.957815
 915 998.971878
 916 998.981576
 917 998.988141
 918 998.992503
 919 998.995345
 920 998.997163
 921 998.998303
 922 998.999003
 923 998.999426
 924 998.999676
 925 998.999820
 926 998.999902
 927 998.999948
 928 998.999973
 929 998.999986
 930 998.999993
 931 998.999997
 932 998.999998
 933 998.999999
 934 999.000000
 935 999.000000
 936 999.000000
 937 999.000000
 938 999.000000
 939 999.000000
 940 999.000000
 941 999.000000
 942 999.000000
 943 999.000000
 944 999.000000
 945 999.000000
 946 999.000000
 947 999.000000
 948 999.000000
 949 999.000000
 950 999.000000
 951 999.000000
 952 999.000000
 953 999.000000
 954 999.000000
 955 999.000000
 956 999.000000
 957 999.000000
 958 999.000000
 959 999.000000
 960 999.000000
 961 999.000000
 962 999.000000
 963 999.000000
 964 999.000000
 965 999.000000
 966 999.000000
 967 999.000000
 968 999.000000
 969 999.000000
 970 999.000000
 971 999.000000
 972 999.000000
 973 999.000000
 974 999.000000
 975 999.000000
 976 999.000000
 977 999.000000
 978 999.000000
 979 999.000000
 980 999.000000
 981 999.000000
 982 999.000000
 983 999.000000
 984 999.000000
 985 999.000000
 986 999.000000
 987 999.000000
 988 999.000000
 989 999.000000
 990 999.000000
 991 999.000000
 992 999.000000
 993 999.000000
 994 999.000000
 995 999.000000
 996 999.000000
 997 999.000000
 998 999.000000
 999 999.000000
