Output:
   0 100.000000
   1 101.000000
   2 102.000000
   3 103.000000
   4 104.000000
   5 105.000000
   6 106.000000
   7 107.000000
   8 108.000000
   9 109.000000
  10 110.000000
  11 111.000000
  12 112.000000
  13 113.000000
  14 114.000000
  15 115.000000
  16 116.000000
  17 117.000000
  18 118.000000
  19 119.000000
  20 120.000000
  21 121.000000
  22 122.000000
  23 123.000000
  24 124.000000
  25 125.000000
  26 126.000000
  27 127.000000
  28 128.000000
  29 129.000000
  30 130.000000
  31 131.000000
  32 132.000000
  33 133.000000
  34 134.000000
  35 135.000000
  36 136.000000
  37 137.000000
  38 138.000000
  39 139.000000
  40 140.000000
  41 141.000000
  42 142.000000
  43 143.000000
  44 144.000000
  45 145.000000
  46 146.000000
  47 147.000000
  48 148.000000
  49 149.000000
  50 150.000000
  51 151.000000
  52 152.000000
  53 153.000000
  54 154.000000
  55 155.000000
  56 156.000000
  57 157.000000
  58 158.000000
  59 159.000000
  60 160.000000
  61 161.000000
  62 162.000000
  63 163.000000
  64 164.000000
  65 165.000000
  66 166.000000
  67 167.000000
  68 168.000000
  69 169.000000
  70 170.000000
  71 171.000000
  72 172.000000
  73 173.000000
  74 174.000000
  75 175.000000
  76 176.000000
  77 177.000000
  78 178.000000
  79 179.000000
  80 180.000000
  81 181.000000
  82 182.000000
  83 183.000000
  84 184.000000
  85 185.000000
  86 186.000000
  87 187.000000
  88 188.000000
  89 189.000000
  90 190.000000
  91 191.000000
  92 192.000000
  93 193.000000
  94 194.000000
  95 195.000000
  96 196.000000
  97 197.000000
  98 198.000000
  99 199.000000
 100 200.000000
 101 201.000000
 102 202.000000
 103 203.000000
 104 204.000000
 105 205.000000
 106 206.000000
 107 207.000000
 108 208.000000
 109 209.000000
 110 210.000000
 111 211.000000
 112 212.000000
 113 213.000000
 114 214.000000
 115 215.000000
 116 216.000000
 117 217.000000
 118 218.000000
 119 219.000000
 120 220.000000
 121 221.000000
 122 222.000000
 123 223.000000
 124 224.000000
 125 225.000000
 126 226.000000
 127 227.000000
 128 228.000000
 129 229.000000
 130 230.000000
 131 231.000000
 132 232.000000
 133 233.000000
 134 234.000000
 135 235.000000
 136 236.000000
 137 237.000000
 138 238.000000
 139 239.000000
 140 240.000000
 141 241.000000
 142 242.000000
 143 243.000000
 144 244.000000
 145 245.000000
 146 246.000000
 147 247.000000
 148 248.000000
 149 249.000000
 150 250.000000
 151 251.000000
 152 252.000000
 153 253.000000
 154 254.000000
 155 255.000000
 156 256.000000
 157 257.000000
 158 258.000000
 159 259.000000
 160 260.000000
 161 261.000000
 162 262.000000
 163 263.000000
 164 264.000000
 165 265.000000
 166 266.000000
 167 267.000000
 168 268.000000
 169 269.000000
 170 270.000000
 171 271.000000
 172 272.000000
 173 273.000000
 174 274.000000
 175 275.000000
 176 276.000000
 177 277.000000
 178 278.000000
 179 279.000000
 180 280.000000
 181 281.000000
 182 282.000000
 183 283.000000
 184 284.000000
 185 285.000000
 186 286.000000
 187 287.000000
 188 288.000000
 189 289.000000
 190 290.000000
 191 291.000000
 192 292.000000
 193 293.000000
 194 294.000000
 195 295.000000
 196 296.000000
 197 297.000000
 198 298.000000
 199 299.000000
 200 300.000000
 201 301.000000
 202 302.000000
 203 303.000000
 204 304.000000
 205 305.000000
 206 306.000000
 207 307.000000
 208 308.000000
 209 309.000000
 210 310.000000
 211 311.000000
 212 312.000000
 213 313.000000
 214 314.000000
 215 315.000000
 216 316.000000
 217 317.000000
 218 318.000000
 219 319.000000
 220 320.000000
 221 321.000000
 222 322.000000
 223 323.000000
 224 324.000000
 225 325.000000
 226 326.000000
 227 327.000000
 228 328.000000
 229 329.000000
 230 330.000000
 231 331.000000
 232 332.000000
 233 333.000000
 234 334.000000
 235 335.000000
 236 336.000000
 237 337.000000
 238 338.000000
 239 339.000000
 240 340.000000
 241 341.000000
 242 342.000000
 243 343.000000
 244 344.000000
 245 345.000000
 246 346.000000
 247 347.000000
 248 348.000000
 249 349.000000
 250 350.000000
 251 351.000000
 252 352.000000
 253 353.000000
 254 354.000000
 255 355.000000
 256 356.000000
 257 357.000000
 258 358.000000
 259 359.000000
 260 360.000000
 261 361.000000
 262 362.000000
 263 363.000000
 264 364.000000
 265 365.000000
 266 366.000000
 267 367.000000
 268 368.000000
 269 369.000000
 270 370.000000
 271 371.000000
 272 372.000000
 273 373.000000
 274 374.000000
 275 375.000000
 276 376.000000
 277 377.000000
 278 378.000000
 279 379.000000
 280 380.000000
 281 381.000000
 282 382.000000
 283 383.000000
 284 384.000000
 285 385.000000
 286 386.000000
 287 387.000000
 288 388.000000
 289 389.000000
 290 390.000000
 291 391.000000
 292 392.000000
 293 393.000000
 294 394.000000
 295 395.000000
 296 396.000000
 297 397.000000
 298 398.000000
 299 399.000000
 300 400.000000
 301 401.000000
 302 402.000000
 303 403.000000
 304 404.000000
 305 405.000000
 306 406.000000
 307 407.000000
 308 408.000000
 309 409.000000
 310 410.000000
 311 411.000000
 312 412.000000
 313 413.000000
 314 414.000000
 315 415.000000
 316 416.000000
 317 417.000000
 318 418.000000
 319 419.000000
 320 420.000000
 321 421.000000
 322 422.000000
 323 423.000000
 324 424.000000
 325 425.000000
 326 426.000000
 327 427.000000
 328 428.000000
 329 429.000000
 330 430.000000
 331 431.000000
 332 432.000000
 333 433.000000
 334 434.000000
 335 435.000000
 336 436.000000
 337 437.000000
 338 438.000000
 339 439.000000
 340 440.000000
 341 441.000000
 342 442.000000
 343 443.000000
 344 444.000000
 345 445.000000
 346 446.000000
 347 447.000000
 348 448.000000
 349 449.000000
 350 450.000000
 351 451.000000
 352 452.000000
 353 453.000000
 354 454.000000
 355 455.000000
 356 456.000000
 357 457.000000
 358 458.000000
 359 459.000000
 360 460.000000
 361 461.000000
 362 462.000000
 363 463.000000
 364 464.000000
 365 465.000000
 366 466.000000
 367 467.000000
 368 468.000000
 369 469.000000
 370 470.000000
 371 471.000000
 372 472.000000
 373 473.000000
 374 474.000000
 375 475.000000
 376 476.000000
 377 477.000000
 378 478.000000
 379 479.000000
 380 480.000000
 381 481.000000
 382 482.000000
 383 483.000000
 384 484.000000
 385 485.000000
 386 486.000000
 387 487.000000
 388 488.000000
 389 489.000000
 390 490.000000
 391 491.000000
 392 492.000000
 393 493.000000
 394 494.000000
 395 495.000000
 396 496.000000
 397 497.000000
 398 498.000000
 399 499.000000
 400 500.000000
 401 501.000000
 402 502.000000
 403 503.000000
 404 504.000000
 405 505.000000
 406 506.000000
 407 507.000000
 408 508.000000
 409 509.000000
 410 510.000000
 411 511.000000
 412 512.000000
 413 513.000000
 414 514.000000
 415 515.000000
 416 516.000000
 417 517.000000
 418 518.000000
 419 519.000000
 420 520.000000
 421 521.000000
 422 522.000000
 423 523.000000
 424 524.000000
 425 525.000000
 426 526.000000
 427 527.000000
 428 528.000000
 429 529.000000
 430 530.000000
 431 531.000000
 432 532.000000
 433 533.000000
 434 534.000000
 435 535.000000
 436 536.000000
 437 537.000000
 438 538.000000
 439 539.000000
 440 540.000000
 441 541.000000
 442 542.000000
 443 543.000000
 444 544.000000
 445 545.000000
 446 546.000000
 447 547.000000
 448 548.000000
 449 549.000000
 450 550.000000
 451 551.000000
 452 552.000000
 453 553.000000
 454 554.000000
 455 555.000000
 456 556.000000
 457 557.000000
 458 558.000000
 459 559.000000
 460 560.000000
 461 561.000000
 462 562.000000
 463 563.000000
 464 564.000000
 465 565.000000
 466 566.000000
 467 567.000000
 468 568.000000
 469 569.000000
 470 570.000000
 471 571.000000
 472 572.000000
 473 573.000000
 474 574.000000
 475 575.000000
 476 576.000000
 477 577.000000
 478 578.000000
 479 579.000000
 480 580.000000
 481 581.000000
 482 582.000000
 483 583.000000
 484 584.000000
 485 585.000000
 486 586.000000
 487 587.000000
 488 588.000000
 489 589.000000
 490 590.000000
 491 591.000000
 492 592.000000
 493 593.000000
 494 594.000000
 495 595.000000
 496 596.000000
 497 597.000000
 498 598.000000
 499 599.000000
 500 600.000000
 501 601.000000
 502 602.000000
 503 603.000000
 504 604.000000
 505 605.000000
 506 606.000000
 507 607.000000
 508 608.000000
 509 609.000000
 510 610.000000
 511 611.000000
 512 612.000000
 513 613.000000
 514 614.000000
 515 615.000000
 516 616.000000
 517 617.000000
 518 618.000000
 519 619.000000
 520 620.000000
 521 621.000000
 522 622.000000
 523 623.000000
 524 624.000000
 525 625.000000
 526 626.000000
 527 627.000000
 528 628.000000
 529 629.000000
 530 630.000000
 531 631.000000
 532 632.000000
 533 633.000000
 534 634.000000
 535 635.000000
 536 636.000000
 537 637.000000
 538 638.000000
 539 639.000000
 540 640.000000
 541 641.000000
 542 642.000000
 543 643.000000
 544 644.000000
 545 645.000000
 546 646.000000
 547 647.000000
 548 648.000000
 549 649.000000
 550 650.000000
 551 651.000000
 552 652.000000
 553 653.000000
 554 654.000000
 555 655.000000
 556 656.000000
 557 657.000000
 558 658.000000
 559 659.000000
 560 660.000000
 561 661.000000
 562 662.000000
 563 663.000000
 564 664.000000
 565 665.000000
 566 666.000000
 567 667.000000
 568 668.000000
 569 669.000000
 570 670.000000
 571 671.000000
 572 672.000000
 573 673.000000
 574 674.000000
 575 675.000000
 576 676.000000
 577 677.000000
 578 678.000000
 579 679.000000
 580 680.000000
 581 681.000000
 582 682.000000
 583 683.000000
 584 684.000000
 585 685.000000
 586 686.000000
 587 687.000000
 588 688.000000
 589 689.000000
 590 690.000000
 591 691.000000
 592 692.000000
 593 693.000000
 594 694.000000
 595 695.000000
 596 696.000000
 597 697.000000
 598 698.000000
 599 699.000000
 600 700.000000
 601 701.000000
 602 702.000000
 603 703.000000
 604 704.000000
 605 705.000000
 606 706.000000
 607 707.000000
 608 708.000000
 609 709.000000
 610 710.000000
 611 711.000000
 612 712.000000
 613 713.000000
 614 714.000000
 615 715.000000
 616 716.000000
 617 717.000000
 618 718.000000
 619 719.000000
 620 720.000000
 621 721.000000
 622 722.000000
 623 723.000000
 624 724.000000
 625 725.000000
 626 726.000000
 627 727.000000
 628 728.000000
 629 729.000000
 630 730.000000
 631 731.000000
 632 732.000000
 633 733.000000
 634 734.000000
 635 735.000000
 636 736.000000
 637 737.000000
 638 738.000000
 639 739.000000
 640 740.000000
 641 741.000000
 642 742.000000
 643 743.000000
 644 744.000000
 645 745.000000
 646 746.000000
 647 747.000000
 648 748.000000
 649 749.000000
 650 750.000000
 651 751.000000
 652 752.000000
 653 753.000000
 654 754.000000
 655 755.000000
 656 756.000000
 657 757.000000
 658 758.000000
 659 759.000000
 660 760.000000
 661 761.000000
 662 762.000000
 663 763.000000
 664 764.000000
 665 765.000000
 666 766.000000
 667 767.000000
 668 768.000000
 669 769.000000
 670 770.000000
 671 771.000000
 672 772.000000
 673 773.000000
 674 774.000000
 675 775.000000
 676 776.000000
 677 777.000000
 678 778.000000
 679 779.000000
 680 780.000000
 681 781.000000
 682 782.000000
 683 783.000000
 684 784.000000
 685 785.000000
 686 786.000000
 687 787.000000
 688 788.000000
 689 789.000000
 690 790.000000
 691 791.000000
 692 792.000000
 693 793.000000
 694 794.000000
 695 795.000000
 696 796.000000
 697 797.000000
 698 798.000000
 699 799.000000
 700 800.000000
 701 801.000000
 702 802.000000
 703 803.000000
 704 804.000000
 705 805.000000
 706 806.000000
 707 807.000000
 708 808.000000
 709 809.000000
 710 810.000000
 711 811.000000
 712 812.000000
 713 813.000000
 714 814.000000
 715 815.000000
 716 816.000000
 717 817.000000
 718 818.000000
 719 819.000000
 720 820.000000
 721 821.000000
 722 822.000000
 723 823.000000
 724 824.000000
 725 825.000000
 726 826.000000
 727 827.000000
 728 828.000000
 729 829.000000
 730 830.000000
 731 831.000000
 732 832.000000
 733 833.000000
 734 834.000000
 735 835.000000
 736 836.000000
 737 837.000000
 738 838.000000
 739 839.000000
 740 840.000000
 741 841.000000
 742 842.000000
 743 843.000000
 744 844.000000
 745 845.000000
 746 846.000000
 747 847.000000
 748 848.000000
 749 849.000000
 750 850.000000
 751 851.000000
 752 852.000000
 753 853.000000
 754 854.000000
 755 855.000000
 756 856.000000
 757 857.000000
 758 858.000000
 759 859.000000
 760 860.000000
 761 861.000000
 762 862.000000
 763 863.000000
 764 864.000000
 765 865.000000
 766 866.000000
 767 867.000000
 768 868.000000
 769 869.000000
 770 870.000000
 771 871.000000
 772 872.000000
 773 873.000000
 774 874.000000
 775 875.000000
 776 876.000000
 777 877.000000
 778 878.000000
 779 879.000000
 780 880.000000
 781 881.000000
 782 882.000000
 783 883.000000
 784 884.000000
 785 885.000000
 786 886.000000
 787 887.000000
 788 888.000000
 789 889.000000
 790 890.000000
 791 891.000000
 792 892.000000
 793 893.000000
 794 894.000000
 795 895.000000
 796 896.000000
 797 897.000000
 798 898.000000
 799 899.000000
 800 900.000000
 801 901.000000
 802 902.000000
 803 903.000000
 804 904.000000
 805 905.000000
 806 906.000000
 807 907.000000
 808 908.000000
 809 909.000000
 810 910.000000
 811 911.000000
 812 912.000000
 813 913.000000
 814 914.000000
 815 915.000000
 816 916.000000
 817 917.000000
 818 918.000000
 819 919.000000
 820 920.000000
 821 921.000000
 822 922.000000
 823 923.000000
 824 924.000000
 825 925.000000
 826 926.000000
 827 927.000000
 828 928.000000
 829 929.000000
 830 930.000000
 831 931.000000
 832 932.000000
 833 933.000000
 834 934.000000
 835 935.000000
 836 936.000000
 837 937.000000
 838 938.000000
 839 939.000000
 840 940.000000
 841 941.000000
 842 942.000000
 843 943.000000
 844 944.000000
 845 945.000000
 846 946.000000
 847 947.000000
 848 948.000000
 849 949.000000
 850 950.000000
 851 951.000000
 852 952.000000
 853 953.000000
 854 954.000000
 855 955.000000
 856 956.000000
 857 957.000000
 858 958.000000
 859 959.000000
 860 960.000000
 861 961.000000
 862 962.000000
 863 963.000000
 864 964.000000
 865 964.999999
 866 965.999998
 867 966.999997
 868 967.999993
 869 968.999986
 870 969.999973
 871 970.999948
 872 971.999902
 873 972.999820
 874 973.999676
 875 974.999426
 876 975.999003
 877 976.998303
 878 977.997163
 879 978.995345
 880 979.992503
 881 980.988141
 882 981.981576
 883 982.971878
 884 983.957815
 885 984.937797
 886 985.909814
 887 986.871395
 888 987.819575
 889 988.750892
 890 989.661410
 891 990.546787
 892 991.402376
 893 992.223375
 894 993.004998
 895 993.742687
 896 994.432323
 897 995.070437
 898 995.654402
 899 996.182576
 900 996.654402
 901 997.070437
 902 997.432323
 903 997.742687
 904 998.004998
 905 998.223375
 906 998.402376
 907 998.546787
 908 998.661410
 909 998.750892
 910 998.819575
 911 998.871395
 912 998.909814
 913 998.937797
 914 998.957815
 915 998.971878
 916 998.981576
 917 998.988141
 918 998.992503
 919 998.995345
 920 998.997163
 921 998.998303
 922 998.999003
 923 998.999426
 924 998.999676
 925 998.999820
 926 998.999902
 927 998.999948
 928 998.999973
 929 998.999986
 930 998.999993
 931 998.999997
 932 998.999998
 933 998.999999
 934 999.000000
 935 999.000000
 936 999.000000
 937 999.000000
 938 999.000000
 939 999.000000
 940 999.000000
 941 999.000000
 942 999.000000
 943 999.000000
 944 999.000000
 945 999.000000
 946 999.000000
 947 999.000000
 948 999.000000
 949 999.000000
 950 999.000000
 951 999.000000
 952 999.000000
 953 999.000000
 954 999.000000
 955 999.000000
 956 999.000000
 957 999.000000
 958 999.000000
 959 999.000000
 960 999.000000
 961 999.000000
 962 999.000000
 963 999.000000
 964 999.000000
 965 999.000000
 966 999.000000
 967 999.000000
 968 999.000000
 969 999.000000
 970 999.000000
 971 999.000000
 972 999.000000
 973 999.000000
 974 999.000000
 975 999.000000
 976 999.000000
 977 999.000000
 978 999.000000
 979 999.000000
 980 999.000000
 981 999.000000
 982 999.000000
 983 999.000000
 984 999.000000
 985 999.000000
 986 999.000000
 987 999.000000
 988 999.000000
 989 999.000000
 990 999.000000
 991 999.000000
 992 999.000000
 993 999.000000
 994 999.000000
 995 999.000000
 996 999.000000
 997 999.000000
 998 999.000000
 999 999.000000
